County Matrix,,,,,,,,,,,,,,,,,,,,,,,,,,,,,,,,,,,,,,,,,,,,,,,,,,,,,,,,,,,,,,,,,,,,,,,,,,,,,,,,,,,,,,,,,,,,,,,
,Anderson,Bedford,Benton,Bledsoe,Blount,Bradley,Campbell,Cannon,Carroll,Carter,Cheatham,Chester,Claiborne,Clay,Cocke,Coffee,Crockett,Cumberland,Davidson,Decatur,Dekalb,Dickson,Dyer,Fayette,Fentress,Franklin,Gibson,Giles,Grainger,Greene,Grundy,Hamblen,Hamilton,Hancock,Hardeman,Hardin,Hawkins,Haywood,Henderson,Henry,Hickman,Houston,Humphreys,Jackson,Jefferson,Johnson,Knox,Lake,Lauderdale,Lawrence,Lewis,Lincoln,Loudon,Macon,Madison,Marion,Marshall,Maury,McMinn,McNairy,Meigs,Monroe,Montgomery,Moore,Morgan,Obion,Overton,Perry,Pickett,Polk,Putnam,Rhea,Roane,Robertson,Rutherford,Scott,Sequatchie,Sevier,Shelby,Smith,Stewart,Sullivan,Sumner,Tipton,Trousdale,Unicoi,Union,Van Buren,Warren,Washington,Wayne,Weakley,White,Williamson,Wilson
Anderson,0.000000,133.275110,215.937131,66.882277,33.468457,76.230992,19.868811,106.307088,237.578502,116.016168,161.258445,251.962716,39.246822,80.579851,61.625289,113.668468,276.916057,46.149776,144.250658,91.741449,221.691168,176.135695,291.008706,299.436875,44.693870,125.378967,264.381811,171.238815,39.904737,75.527890,99.175681,52.387457,84.452618,61.111574,276.223853,232.458788,73.263440,286.978699,236.543462,229.000584,184.316356,196.388678,199.690902,83.796757,42.233784,132.664281,16.964782,295.290397,304.651557,189.827679,188.915703,150.199187,27.243458,104.599458,262.013499,105.115650,150.580017,164.749630,53.344067,253.421479,54.164729,46.764043,179.099430,134.118298,25.163287,276.172667,62.672843,207.406908,57.437521,71.324790,72.335790,53.752547,26.044457,151.290806,125.405754,27.322479,85.307043,44.181254,325.970203,98.411898,204.242372,108.858001,128.194133,314.150466,110.666223,98.524031,23.268823,75.966337,93.449699,95.546171,210.269399,252.081478,71.426624,151.623876,117.286981
Bedford,133.275110,0.000000,97.978299,70.665741,142.739105,93.452142,142.954303,30.186968,116.026963,248.142792,62.423532,121.330640,170.128588,87.982945,189.255232,21.651441,151.798111,87.239640,48.812153,47.613761,92.887203,66.708649,169.736471,167.869702,104.226136,32.257549,142.567222,38.924243,173.168688,207.320582,42.312666,185.107099,76.427940,193.757202,144.272438,99.584740,206.536870,158.776488,108.764573,117.489924,60.319180,88.294809,82.250602,73.057415,172.780634,265.468761,145.138239,178.906350,178.796135,56.577235,58.131275,26.798896,121.469276,74.695250,133.826059,54.112690,17.486720,35.441364,103.737000,120.824039,92.493188,124.152585,85.274470,16.801612,110.025617,161.291024,87.061194,79.132494,105.710828,112.398334,69.176981,86.445992,110.994352,73.546467,22.833656,126.213421,59.789848,165.723627,194.794906,58.113932,102.889044,242.073910,65.986192,185.366699,62.955341,229.195527,156.059128,57.880157,39.864420,228.001767,77.189400,137.460830,63.070627,36.009545,45.255136
Benton,215.937131,97.978299,0.000000,163.581068,233.273025,190.893200,219.465055,113.620922,22.352799,331.419532,56.287222,54.179544,247.027756,144.339806,276.524569,118.617892,62.446057,171.666725,71.928122,124.996710,32.313130,40.072646,75.101253,96.635601,175.987758,127.653648,48.526961,83.390140,254.484586,291.353083,139.649735,267.914850,174.138049,271.502773,79.022628,60.503705,286.411989,75.894455,33.818064,22.268111,38.019983,24.618342,16.462244,134.920053,257.985819,347.080400,230.737593,81.499158,89.936564,69.924324,49.407403,104.951855,211.364209,119.050282,53.621196,151.924368,83.984863,63.693798,198.442443,67.722512,186.319534,218.137635,48.225628,110.159080,190.800511,63.405280,156.060007,31.739591,169.930625,209.564394,143.631689,178.837426,198.728130,73.708699,93.632303,200.041256,156.603031,254.824845,119.328269,118.379987,32.421245,322.219962,93.670960,102.501738,108.770081,314.459022,236.274844,148.594818,130.933546,310.836505,59.423587,39.488158,146.313457,66.473881,99.110735
Bledsoe,66.882277,70.665741,163.581068,0.000000,72.079917,36.210573,81.142017,50.220260,183.627746,178.633071,114.787552,191.949753,105.881534,68.582104,118.954440,49.407804,221.105534,27.048672,96.828242,44.016761,163.027271,126.290306,237.760412,238.515209,56.246605,58.511682,210.577612,106.524277,105.780993,137.907097,32.446705,116.577062,28.787563,127.882138,214.884700,169.930852,139.066387,229.018419,178.688228,180.332847,127.988091,148.283402,147.158752,58.810020,103.353742,196.414566,76.121206,245.018515,248.463237,126.028591,128.609519,84.042665,51.011715,78.604991,203.986148,39.893280,88.096294,105.099424,35.089518,191.281087,22.753225,54.569217,136.556583,68.376814,48.485815,226.548012,51.900048,148.999909,66.824291,50.565236,40.947097,15.782622,41.987350,112.954613,70.026810,69.549147,19.373471,95.160612,265.456557,61.695818,159.733707,173.861197,92.451452,255.788110,76.457973,159.192903,90.140197,15.497818,32.677076,158.827797,147.419793,202.245080,26.751462,97.111379,72.401325
Blount,33.468457,142.739105,233.273025,72.079917,0.000000,64.171250,51.017182,120.008742,254.063338,108.810667,181.042479,263.969170,57.101339,108.200765,47.950842,121.450496,292.291245,62.762809,163.297375,108.668539,234.798503,194.501016,308.117476,310.595103,73.845030,127.338120,281.059482,178.084042,46.848680,69.139910,103.063542,51.913202,78.002215,69.831337,286.960250,241.938015,75.550589,300.764623,250.320054,248.417817,198.984063,215.832853,216.817820,108.071679,36.743473,127.299708,21.139902,314.164366,319.812975,197.858283,200.582292,154.567589,21.912690,129.959648,275.707662,102.956810,160.176172,176.888847,42.889706,263.315018,51.278891,24.956625,200.839071,139.601535,50.934236,295.329898,88.628039,220.678869,87.914024,51.639110,93.204757,56.312137,35.278774,174.193085,139.996853,60.508553,86.260934,23.479115,337.533669,119.992511,225.430328,106.924724,151.423479,327.640475,133.753643,88.493556,41.769954,85.644021,103.931217,90.098542,219.409411,271.018024,87.241292,167.139150,136.752492
Bradley,76.230992,93.452142,190.893200,36.210573,64.171250,0.000000,95.004642,81.313265,209.461433,172.154545,146.411866,212.373454,113.864686,103.789567,111.252022,72.299770,244.896765,55.536283,128.762641,78.991450,185.532266,156.041260,263.173810,257.078846,84.783597,69.588588,236.015077,122.812176,108.318420,133.171858,51.271796,115.623159,17.326336,131.704426,233.302616,187.680258,139.282813,250.852275,201.558334,209.317602,153.648366,178.236109,174.792396,94.884179,100.655348,190.882784,77.727516,272.175883,271.563493,143.183080,150.555653,97.648872,50.568614,114.801989,226.176436,43.083622,109.541892,128.853878,23.143158,209.083839,24.912781,39.585165,168.969743,85.045268,68.754399,254.298127,85.668231,172.157657,97.715463,19.136877,76.903392,31.602340,51.505521,147.098284,99.619834,90.231812,34.494291,86.809354,284.153792,97.550425,190.945043,171.070704,127.606309,276.874494,112.200694,151.391865,97.018171,50.135432,63.136209,154.018442,165.348431,230.239312,62.959320,125.460688,106.412977
Campbell,19.868811,142.954303,219.465055,81.142017,51.017182,95.004642,0.000000,114.315592,241.505263,112.708674,163.690738,258.665139,27.752276,78.095738,66.146584,124.730320,281.316249,56.729584,147.564980,98.265484,227.963213,179.398071,294.146372,306.362311,43.552128,138.838525,267.979144,181.631906,36.655115,74.247239,112.502657,50.774929,101.797310,52.170999,283.525814,240.787184,66.987607,292.354053,242.266247,230.892107,190.009050,198.586564,203.537009,84.766793,46.112143,127.697920,30.702682,297.139352,309.040556,199.365277,196.412505,162.124749,47.057438,103.550399,267.600347,120.616768,159.836114,172.302888,72.474093,261.357796,71.825460,66.596183,179.702121,145.809800,33.436400,277.919489,63.437786,213.716382,52.486455,91.077332,77.085835,69.901074,43.664150,151.347043,132.260508,19.752242,100.294541,55.160716,332.528617,101.095245,204.993300,102.755017,128.461642,319.573739,111.574347,97.723749,19.095804,87.635507,103.818728,92.191799,218.984552,254.150108,79.901586,157.279821,121.011860
Cannon,106.307088,30.186968,113.620922,50.220260,120.008742,81.313265,114.315592,0.000000,134.100211,222.152516,65.210091,145.706671,141.821517,58.829521,164.736355,21.977753,172.343229,60.290046,47.460278,17.427175,115.658098,76.082556,188.200788,193.132419,74.359506,45.171891,161.095911,68.895302,146.101851,181.437864,34.710370,158.635689,66.500891,165.818801,169.929882,126.543017,179.245361,181.353075,130.830751,130.112603,79.051838,98.121303,97.166559,43.760925,147.186698,238.970646,119.516644,194.948305,199.928230,85.370583,82.616132,54.846893,98.164873,50.037317,156.305114,53.031764,45.916227,58.444938,85.292500,147.295137,72.956654,104.632228,87.656748,39.851788,82.088296,176.396359,56.880603,101.402266,75.529012,98.731252,39.090360,65.246218,86.175571,66.956500,20.019292,96.880621,47.427600,142.125847,219.704773,31.065571,109.993873,215.034857,50.751892,208.416748,40.632876,203.914210,128.506817,35.009303,18.234666,201.769719,104.669015,152.080033,34.898026,47.213410,27.347329
Carroll,237.578502,116.026963,22.352799,183.627746,254.063338,209.461433,241.505263,134.100211,0.000000,353.248622,78.612054,39.158414,269.112686,166.662550,297.878860,137.257873,40.099684,192.927637,93.945070,146.264567,31.927687,62.240726,54.135062,76.178091,198.078369,143.998501,26.996871,95.671430,276.334611,313.063833,158.228481,289.683474,192.451587,293.590207,61.071085,55.524616,308.410632,53.902582,22.302135,26.118506,55.902793,46.246047,37.976179,157.084885,279.522819,369.045600,252.161639,63.306933,67.655160,78.934825,61.850313,119.325092,232.182621,141.399666,33.292399,169.235146,100.691301,80.755472,218.225861,55.449151,206.288651,238.175129,69.589872,126.653602,212.480229,47.148620,178.148019,40.219319,192.210772,228.346823,165.364121,199.078686,219.788657,95.878417,114.086793,222.141602,175.499114,275.892567,97.682505,140.412909,49.907229,344.248643,116.023410,80.255046,131.055652,336.092743,258.154728,168.896067,150.957863,332.673710,62.817743,26.953525,167.450158,86.924206,121.008241
Carter,116.016168,248.142792,331.419532,178.633071,108.810667,172.154545,112.708674,222.152516,353.248622,0.000000,276.050025,367.859185,86.245569,190.654186,60.964387,227.638441,392.765454,161.862780,259.521038,207.748866,337.680371,291.438737,406.352102,415.231346,156.134087,235.712934,379.935432,285.106419,76.938262,40.822211,210.694228,63.648848,186.744374,62.872865,391.903250,347.697577,46.579889,402.989368,352.559629,343.476172,300.326491,311.066207,315.293801,197.298161,75.384505,18.980288,103.005528,409.763021,420.509939,304.361117,304.664026,262.450978,127.944547,216.220066,378.029177,211.745604,265.596202,280.534332,151.687444,368.836391,159.578902,132.615751,292.410012,246.992873,140.907746,390.554791,175.877021,323.398437,164.778317,156.854370,187.899389,163.317495,137.194189,264.050759,241.400812,132.452345,194.490344,85.514856,441.854687,213.182345,317.700924,18.095106,241.167311,430.165036,224.201055,21.132024,95.174345,190.272705,208.343937,20.587155,325.332190,366.706997,187.347233,267.617894,232.867555
Cheatham,161.258445,62.423532,56.287222,114.787552,181.042479,146.411866,163.690738,65.210091,78.612054,276.050025,0.000000,103.250434,191.123857,88.053117,222.467985,77.696849,118.709697,118.466623,17.979708,72.591128,73.008339,16.913728,130.469844,149.732098,120.143232,94.569668,104.551436,73.184185,199.146054,236.318552,97.287470,212.766157,131.047603,215.579160,129.291460,95.747788,230.678344,131.466506,83.938347,67.766840,38.282693,35.130755,41.308398,78.948442,203.476405,291.387688,176.634866,134.032665,146.221990,74.118605,55.534089,82.260374,159.218260,62.848734,107.817589,113.380088,57.590720,44.486704,149.792208,111.685465,137.277145,168.379436,23.149893,78.807105,136.107144,114.931701,100.261598,60.722066,113.673277,163.939376,89.073638,129.017073,145.926273,21.857423,47.262890,144.140447,112.181095,201.653058,174.046251,62.930715,44.952655,266.399576,37.683542,158.405323,52.522380,259.588742,180.886868,99.304145,83.444247,255.465082,80.727770,90.825652,93.926141,27.449483,44.647654
Chester,251.962716,121.330640,54.179544,191.949753,263.969170,212.373454,258.665139,145.706671,39.158414,367.859185,103.250434,0.000000,286.403663,188.387865,309.996696,142.863650,40.046323,205.996532,114.697347,160.608686,30.999638,86.468239,62.841907,47.728132,216.257242,143.290177,43.539577,90.233770,291.656677,327.135481,162.712530,304.324588,195.047160,310.705075,26.041036,28.660426,324.621224,39.299590,20.443444,65.218514,69.208579,77.957308,63.500778,176.748264,292.822128,384.611918,265.128487,80.016879,61.715488,70.049816,63.418567,115.752761,242.523682,164.566939,18.043391,169.832639,104.030269,87.393630,224.833969,17.237533,213.793850,245.333539,101.201793,127.332337,227.454527,71.260033,196.645496,45.050861,212.691658,231.508087,181.586638,207.731686,231.409700,123.663775,126.657657,240.074206,180.307377,286.791837,74.007672,159.344042,86.206449,360.490779,140.419060,64.509512,152.856796,349.512944,273.869151,178.556909,160.247041,347.468714,48.159481,60.805453,180.541974,101.573623,139.467009
Claiborne,39.246822,170.128588,247.027756,105.881534,57.101339,113.864686,27.752276,141.821517,269.112686,86.245569,191.123857,286.403663,0.000000,104.619502,48.995425,151.390385,308.967453,83.205827,175.168366,125.940473,255.712530,206.955149,321.593095,334.094997,71.040260,164.262454,295.523284,208.631676,16.725982,50.134504,137.966373,28.704007,123.343328,24.477553,311.229867,268.351446,39.865322,320.085501,270.015464,258.104221,217.760851,225.915594,231.156228,112.177684,32.309789,100.451401,37.349351,324.274565,336.682356,226.642910,224.073070,188.464079,63.331290,130.292241,295.343787,144.362025,187.148260,199.943737,90.721862,288.988008,93.070192,79.276781,206.634329,172.237290,60.119021,305.042507,90.969530,241.463634,78.652317,105.982444,104.833365,92.999120,65.223863,178.191270,159.945838,46.991920,124.501843,49.011429,360.277030,128.706889,231.915813,75.302944,155.465853,347.304687,138.826436,73.091564,16.847901,113.908962,130.680914,66.001038,246.467654,281.382546,107.203701,185.032026,148.742516
Clay,80.579851,87.982945,144.339806,68.582104,108.200765,103.789567,78.095738,58.829521,166.662550,190.654186,88.053117,188.387865,104.619502,0.000000,141.675905,79.004266,206.756800,51.412824,73.857941,42.596061,157.399233,104.570918,217.990494,235.862851,35.943314,101.169361,192.482959,125.039125,114.624755,152.252352,80.905500,128.672107,96.970662,128.838159,214.127885,174.776267,144.478478,219.168852,170.325520,153.914603,119.296097,122.133487,129.100913,15.071920,121.729680,205.028039,97.393072,219.885412,234.271254,138.607001,129.776830,113.618683,88.863123,25.742364,195.041155,98.275480,101.173613,107.146105,93.421647,193.837466,82.484992,105.170768,102.108998,98.611707,57.462292,200.648500,20.110166,143.594347,26.019673,114.151820,28.461234,73.687968,74.783512,73.626613,68.983767,58.374916,81.814420,124.402087,261.048708,30.939176,127.363590,179.765662,51.178006,246.237780,35.760376,175.737632,96.541867,59.265585,61.646009,170.200872,154.772877,177.201496,43.418763,88.066218,50.142017
Cocke,61.625289,189.255232,276.524569,118.954440,47.950842,111.252022,66.146584,164.736355,297.878860,60.964387,222.467985,309.996696,48.995425,141.675905,0.000000,168.301955,336.799029,104.963525,205.216510,151.614309,280.313785,236.985975,351.620446,357.004481,105.759442,175.197492,324.799279,225.418147,32.506783,23.112090,150.586249,21.717926,125.791468,41.686070,333.482901,288.777281,36.950513,346.088090,295.565877,290.234018,243.670544,257.583464,260.167676,145.421548,20.128517,79.631831,45.842729,356.454152,364.470527,244.982357,246.593252,202.250517,67.946984,166.120719,321.036951,150.900666,206.741306,222.633231,90.770960,310.069578,99.045900,71.682602,240.668011,187.060363,86.545713,337.391239,124.266289,266.087834,117.254649,96.450069,133.394460,103.369208,78.615813,212.912973,184.456286,84.516271,134.038528,24.558147,383.828133,159.804793,265.770551,60.969083,189.817018,373.133651,172.272594,40.547763,47.153597,131.508110,149.786881,43.085773,266.298078,313.221646,130.506551,211.267062,178.358388
Coffee,113.668468,21.651441,118.617892,49.407804,121.450496,72.299770,124.730320,21.977753,137.257873,227.638441,77.696849,142.863650,151.390385,79.004266,168.301955,0.000000,173.391545,68.187019,61.458609,36.408277,114.538584,84.961735,191.121676,189.183636,88.630346,23.194593,163.926401,57.623538,153.420767,186.837302,21.033513,164.967357,55.545639,174.586282,165.522413,120.523408,186.834207,180.420673,130.409466,137.398416,81.388262,107.038499,102.587743,64.044515,152.258454,245.185640,124.732829,199.877628,200.432578,76.739483,79.762336,37.733855,100.389382,72.009568,155.476296,35.685134,38.839137,56.973490,82.092280,141.875681,70.931606,102.526219,100.837298,21.395562,91.391133,182.021627,73.594556,100.764660,92.491427,91.099546,55.399070,65.143354,90.469098,84.158576,30.971488,109.118767,38.269587,144.568374,216.159177,52.887128,120.733319,222.132092,70.939335,206.981435,62.418984,208.430214,136.729218,37.706257,21.108590,207.641682,98.016226,158.009614,45.961943,53.945195,47.618046
Crockett,276.916057,151.798111,62.446057,221.105534,292.291245,244.896765,281.316249,172.343229,40.099684,392.765454,118.709697,40.046323,308.967453,206.756800,336.799029,173.391545,0.000000,231.860705,133.836618,185.315661,59.591162,102.275154,22.866272,45.281915,237.959466,177.263659,17.139786,125.610855,315.905702,352.441963,194.066033,329.146655,227.664399,333.442889,42.694407,68.439726,348.153935,17.843057,43.535682,58.901860,93.308338,85.851386,77.861254,197.054367,318.696073,408.734011,291.213900,41.086550,27.745654,106.306785,94.447287,150.756237,270.487865,181.496338,22.045052,203.362131,135.354930,116.426676,255.224352,54.672797,243.573786,275.442451,108.716339,160.436479,251.886475,37.616231,218.034337,72.743123,232.275510,263.967159,204.882974,236.737458,258.425735,135.692640,152.440960,262.025368,211.585914,314.455104,60.723460,180.267207,86.699431,384.021363,156.104895,40.933301,171.129858,375.359372,297.770481,206.751664,188.583046,372.207419,85.652332,40.924968,206.294738,125.532336,160.789353
Cumberland,46.149776,87.239640,171.666725,27.048672,62.762809,55.536283,56.729584,60.290046,192.927637,161.862780,118.466623,205.996532,83.205827,51.412824,104.963525,68.187019,231.860705,0.000000,100.854138,46.678073,175.886512,132.370563,246.735761,253.394423,29.926320,82.416271,219.863310,125.497263,86.044896,121.154336,56.182031,98.374997,53.958125,106.564599,230.129576,186.310113,119.352729,241.421789,190.919870,186.047181,138.842950,153.405210,155.275176,47.035326,86.983066,178.748156,59.383249,252.040980,259.549354,143.816423,142.839881,105.421070,41.210226,69.064737,216.403466,66.651464,104.481286,118.690148,42.114039,207.276206,31.942311,54.568554,138.076275,89.129880,23.294362,233.092920,31.676228,161.614233,42.199193,63.256954,30.695478,23.956480,27.506780,111.576134,79.688767,43.018483,46.199465,83.282101,279.992638,57.341486,162.699798,155.005249,88.989558,268.542084,71.412569,143.720405,68.820189,30.907787,47.540381,141.491252,164.136876,208.826399,25.592413,106.333824,74.020541
Davidson,144.250658,48.812153,71.928122,96.828242,163.297375,128.762641,147.564980,47.460278,93.945070,259.521038,17.979708,114.697347,175.168366,73.857941,205.216510,61.458609,133.836618,100.854138,0.000000,54.715943,83.769551,31.921074,146.847066,162.050826,104.137936,80.104689,120.454989,68.257711,182.582841,219.547078,80.306580,196.064496,113.652673,199.645919,140.563266,103.234041,214.492728,145.566822,96.467638,85.193106,46.044172,52.556116,55.991517,63.255114,186.406688,275.154050,159.374664,151.267773,161.530716,74.134913,59.486031,71.897902,141.442209,49.957996,121.256081,97.032408,48.390439,41.513878,131.818961,121.111045,119.300163,150.408926,40.224778,65.604545,119.088861,132.265451,84.208569,70.242696,98.792183,146.130849,71.921781,111.038962,128.257034,25.042467,30.521615,128.203048,94.684688,184.116434,187.196870,46.469824,62.928758,250.314926,27.466389,172.718218,38.182347,242.724646,164.361496,81.339864,65.682724,238.935587,85.357012,108.034915,76.100173,20.073801,27.213906
Decatur,91.741449,47.613761,124.996710,44.016761,108.668539,78.991450,98.265484,17.427175,146.264567,207.748866,72.591128,160.608686,125.940473,42.596061,151.614309,36.408277,185.315661,46.678073,54.715943,0.000000,130.108594,85.858717,200.058456,208.245013,57.303498,58.794921,173.190440,86.255545,131.175842,167.240679,41.309288,144.103520,66.723925,150.152579,185.299231,142.644286,164.025417,195.240504,144.827198,139.752412,92.577635,107.189998,108.598521,27.661213,133.381019,224.176260,105.922290,205.549546,213.030132,102.329454,98.147558,71.860941,86.782737,39.342365,170.287909,59.917559,63.054842,74.054004,78.186557,163.108049,65.607635,96.044034,93.416085,56.358429,66.934689,186.674945,39.467728,115.826033,58.103913,94.544651,21.876665,56.970626,73.804076,68.985011,34.007615,80.283336,48.244552,129.858764,234.577144,19.922735,117.352851,199.909478,48.628217,222.418879,33.707816,190.062278,113.288400,28.935824,21.019470,187.251442,121.076504,162.372659,21.427724,59.888914,108.438902
Dekalb,221.691168,92.887203,32.313130,163.027271,234.798503,185.532266,227.963213,115.658098,31.927687,337.680371,73.008339,30.999638,255.712530,157.399233,280.313785,114.538584,59.591162,175.886512,83.769551,130.108594,0.000000,56.500276,79.554718,78.650022,185.398212,117.672837,53.547465,66.486217,261.269829,297.028333,134.963141,274.077845,168.261202,280.057679,56.794230,28.241013,294.118695,65.991332,16.064304,51.462184,38.222373,51.997964,35.523957,145.763506,262.837879,354.264115,235.174013,92.436573,86.039632,48.166663,34.977051,91.337703,213.179085,133.688804,40.968514,143.796440,76.074735,57.932208,196.609153,39.075435,185.223057,216.982694,73.842962,100.876515,197.031621,78.079474,165.738496,14.285489,181.700871,204.635595,150.879545,178.771757,201.700612,93.990814,96.285417,209.264461,152.544393,257.388357,104.566714,128.371043,63.833104,330.010818,109.776061,92.861595,121.902293,319.569746,243.394341,149.177147,130.872194,317.236228,30.891866,58.855768,150.345218,70.726228,28.672601
Dickson,176.135695,66.708649,40.072646,126.290306,194.501016,156.041260,179.398071,76.082556,62.240726,291.438737,16.913728,86.468239,206.955149,104.570918,236.985975,84.961735,102.275154,132.370563,31.921074,85.858717,56.500276,0.000000,114.926183,132.825296,135.915238,98.715576,88.581474,67.832613,214.500494,251.462962,105.547295,227.984985,139.961156,231.430127,112.504741,80.387017,246.353338,114.695128,67.043373,54.100964,24.751223,22.194858,24.538434,94.859296,218.264501,307.030722,191.154125,119.693302,129.893966,64.365876,43.603382,81.885840,172.599193,79.578667,90.930456,120.141174,57.474651,39.936024,161.372192,95.410438,149.004432,180.552348,24.067052,81.811891,150.977934,100.830050,115.987833,44.857793,130.004234,174.162143,103.799908,141.104031,159.648180,37.510019,56.608918,159.968703,121.552739,215.647366,157.153148,78.324930,36.188655,282.153001,54.560750,141.699174,68.877179,274.627714,196.275165,110.973061,94.044664,270.852841,67.275489,76.517670,107.280146,31.061451,59.145825
Dyer,291.008706,169.736471,75.101253,237.760412,308.117476,263.173810,294.146372,188.200788,54.135062,406.352102,130.469844,62.841907,321.593095,217.990494,351.620446,191.121676,22.866272,246.735761,146.847066,200.058456,79.554718,114.926183,0.000000,59.529785,250.605796,196.635502,27.212283,146.039038,329.415323,366.382535,212.026708,342.911058,246.068634,346.045639,63.416739,91.049361,361.131975,33.663851,63.853332,64.783514,109.922240,95.858082,91.460970,209.418201,333.079727,421.835583,305.838263,19.570263,23.925829,127.296587,113.668310,170.804586,286.224670,192.359844,44.801311,222.359118,153.899127,134.320050,272.326301,77.463732,260.414047,292.302972,117.021101,179.516041,265.862143,25.379376,230.709279,91.646626,243.857700,282.134225,218.684031,253.212947,273.725230,145.151250,168.182656,274.610221,229.389638,329.832358,66.162167,193.184649,92.847565,396.868314,166.843966,43.295116,182.863765,389.522858,311.181117,223.025458,205.092061,385.765295,107.332442,42.155200,221.333669,140.999833,174.245157
Fayette,299.436875,167.869702,96.635601,238.515209,310.595103,257.078846,306.362311,193.132419,76.178091,415.231346,149.732098,47.728132,334.094997,235.862851,357.004481,189.183636,45.281915,253.394423,162.050826,208.245013,78.650022,132.825296,59.529785,0.000000,263.985224,187.525959,61.478637,134.268089,339.190258,374.467097,208.480274,351.763431,239.802928,358.376732,23.780922,69.399199,372.217371,27.656073,65.815616,100.142984,116.869287,121.252262,108.884548,224.402220,340.077197,432.101133,312.377713,78.712996,40.757486,113.908356,110.567884,159.528414,289.323166,211.756094,43.082629,214.123281,150.419293,134.704295,270.727516,48.037950,260.015006,291.281751,144.860842,172.431778,275.027534,81.545190,244.365956,92.773379,260.327316,276.147442,229.292548,254.286429,278.505960,169.340565,174.262351,287.799276,225.986686,333.586983,27.079427,207.019104,126.052189,408.068792,187.246375,28.305200,200.232948,396.709883,321.458494,225.496387,207.227639,394.885201,91.790495,85.475323,228.012582,149.300639,187.217440
Fentress,44.693870,104.226136,175.987758,56.246605,73.845030,84.783597,43.552128,74.359506,198.078369,156.134087,120.143232,216.257242,71.040260,35.943314,105.759442,88.630346,237.959466,29.926320,104.137936,57.303498,185.398212,135.915238,250.605796,263.985224,0.000000,106.692352,224.486611,143.131593,79.477029,117.012942,81.531621,93.382228,83.858391,95.516322,241.423942,199.588565,110.537609,249.274333,199.398850,187.368276,147.272248,155.037237,160.129105,41.215461,85.860624,171.249187,61.579723,253.637111,265.664683,159.622295,154.779029,126.281358,56.460395,60.608525,224.632146,94.645417,120.260492,130.893885,68.302952,219.763903,60.278363,75.089318,136.357693,110.007631,23.152465,234.424520,19.930438,171.216918,14.612357,90.015225,35.438831,53.296246,43.285055,108.113551,90.751878,24.066012,74.653442,88.701995,289.914504,57.694325,161.638117,146.267791,85.119044,276.484852,68.067873,140.466796,61.239942,55.477544,67.681799,135.576213,178.247010,210.617832,42.812122,114.686540,77.720535
Franklin,125.378967,32.257549,127.653648,58.511682,127.338120,69.588588,138.838525,45.171891,143.998501,235.712934,94.569668,143.290177,164.262454,101.169361,175.197492,23.194593,177.263659,82.416271,80.104689,58.794921,117.672837,98.715576,196.635502,187.525959,106.692352,0.000000,169.773110,53.299866,164.186950,195.263719,26.342080,174.608509,52.379824,186.392212,163.756552,118.129139,197.376170,182.119466,133.729686,148.088411,89.634384,119.985874,112.581132,86.403393,160.913515,253.839842,134.162060,207.296536,203.346774,73.683088,82.990141,28.068060,107.854347,95.203341,157.742304,26.609385,43.669568,63.959874,85.179903,139.513283,76.163679,105.552914,117.500941,17.495716,105.525104,190.354004,93.715813,104.991186,112.392646,88.626364,75.867361,72.827972,100.341511,104.183861,50.872452,125.101724,41.227555,150.816011,214.595242,76.027112,134.897268,231.840141,93.074169,207.780326,85.500915,215.729205,148.643430,51.872514,40.241323,216.289267,95.873288,167.010974,64.174264,68.241062,70.118129
Gibson,264.381811,142.567222,48.526961,210.577612,281.059482,236.015077,267.979144,161.095911,26.996871,379.935432,104.551436,43.539577,295.523284,192.482959,324.799279,163.926401,17.139786,219.863310,120.454989,173.190440,53.547465,88.581474,27.212283,61.478637,224.486611,169.773110,0.000000,119.845875,303.003067,339.832023,184.845023,316.413316,218.931838,319.995583,54.642984,69.281424,334.933547,34.667721,38.583639,42.122687,82.710503,70.665036,64.691298,183.380448,306.378173,395.605712,279.057616,39.043106,42.314300,101.687819,86.923936,144.295063,259.177574,167.006122,27.339446,195.356867,126.843522,107.169878,245.120101,60.366386,233.220650,265.111599,92.962639,152.573552,239.260733,27.725050,204.562354,64.892313,218.206417,254.959418,192.108575,226.050008,246.763188,120.475475,141.083233,248.532812,202.192245,302.869367,77.854095,166.902234,70.191401,370.733861,141.511286,57.629884,157.071374,362.905301,284.797652,195.877967,177.914765,359.353697,82.809590,24.030517,194.407371,113.920545,147.702695
Giles,171.238815,38.924243,83.390140,106.524277,178.084042,122.812176,181.631906,68.895302,95.671430,285.106419,73.184185,90.233770,208.631676,125.039125,225.418147,57.623538,125.610855,125.497263,68.257711,86.255545,66.486217,67.832613,146.039038,134.268089,143.131593,53.299866,119.845875,0.000000,211.029759,244.334006,75.064578,222.577679,105.535539,232.044852,110.490750,64.872175,244.441947,129.302215,82.290432,105.452289,48.274803,84.047579,71.295182,110.460090,209.755413,302.747025,182.296034,158.416867,150.956618,20.383274,34.209201,25.520344,157.481538,108.345224,105.315200,79.909233,23.882907,28.741085,137.068422,86.293942,126.930265,157.617160,91.505408,38.552074,148.518472,142.813961,125.711338,55.462814,144.199727,141.890512,107.981276,122.048963,148.020410,91.844237,56.240460,165.102044,92.289031,201.415293,161.344651,94.303146,100.348203,279.754927,93.229734,154.639551,95.760862,265.713931,194.230533,95.310966,77.962646,265.184752,42.574343,120.931400,101.851407,48.371478,77.834207
Grainger,39.904737,173.168688,254.484586,105.780993,46.848680,108.318420,36.655115,146.101851,276.334611,76.938262,199.146054,291.656677,16.725982,114.624755,32.506783,153.420767,315.905702,86.044896,182.582841,131.175842,261.269829,214.500494,329.415323,339.190258,79.477029,164.186950,303.003067,211.029759,0.000000,37.628136,138.225736,14.131049,119.709467,23.394363,316.031184,272.353884,33.413520,326.335121,275.980200,266.649311,223.698956,234.190679,238.372743,120.512593,15.952627,93.000683,30.830887,332.957180,343.651354,229.709276,228.717101,189.627283,58.366343,139.927951,301.424267,142.484861,190.483419,204.543534,85.452278,293.294907,89.982983,71.012088,215.831330,173.665351,64.241380,313.764151,99.074017,246.984883,89.132717,98.017475,111.023010,91.546488,63.845525,187.581880,165.017965,56.264341,123.424237,33.955777,365.659681,136.255457,241.107754,68.962898,164.595862,353.534239,147.466994,61.113556,18.269709,115.719619,133.328873,56.352888,250.173568,289.857722,111.203940,190.950277,155.808743
Greene,75.527890,207.320582,291.353083,137.907097,69.139910,133.171858,74.247239,181.437864,313.063833,40.822211,236.318552,327.135481,50.134504,152.252352,23.112090,186.837302,352.441963,121.154336,219.547078,167.240679,297.028333,251.462962,366.382535,374.467097,117.012942,195.263719,339.832023,244.334006,37.628136,0.000000,170.059232,23.631554,147.084349,31.874156,351.115941,306.877032,19.167950,362.448306,311.983047,303.936511,259.795477,271.412544,275.149064,157.919304,34.580376,58.579105,62.183730,370.254972,380.178502,263.551379,263.899821,221.818764,87.411058,177.527947,337.461518,171.692564,224.774452,239.783618,111.940483,328.022234,119.247575,93.626442,253.322903,206.282307,100.584122,351.082605,136.486078,282.751316,126.733563,119.040380,147.724258,122.680930,96.380484,225.124776,200.774607,93.891342,154.039666,46.523820,401.119396,173.388130,278.585445,38.090234,202.109053,389.603616,184.896740,23.485425,55.781734,149.451095,167.524378,21.046387,284.509980,327.107329,146.683936,227.129493,192.749856
Grundy,99.175681,42.312666,139.649735,32.446705,103.063542,51.271796,112.502657,34.710370,158.228481,210.694228,97.287470,162.712530,137.966373,80.905500,150.586249,21.033513,194.066033,56.182031,80.306580,41.309288,134.963141,105.547295,212.026708,208.480274,81.531621,26.342080,184.845023,75.064578,138.225736,170.059232,0.000000,148.962353,34.555041,160.249032,184.735222,139.367070,171.511341,200.673262,150.914657,158.326695,102.386640,127.696876,123.601445,67.092689,135.564160,228.618019,108.492799,220.904265,220.967628,95.015517,100.042678,51.760542,82.773974,80.555083,175.816519,18.769029,58.914463,77.753943,62.247278,160.810715,51.866153,82.803358,120.301368,36.541638,79.215806,203.054069,70.387657,121.351028,88.527740,70.120949,53.494236,47.380921,74.427847,101.401571,50.026675,99.029341,17.605807,126.446215,235.527911,60.955699,141.042944,206.243630,85.285715,227.046678,73.440445,191.007337,122.444411,26.101640,20.290428,191.031675,116.831591,179.032510,40.064953,74.657691,62.067382
Hamblen,52.387457,185.107099,267.914850,116.577062,51.913202,115.623159,50.774929,158.635689,289.683474,63.648848,212.766157,304.324588,28.704007,128.672107,21.717926,164.967357,329.146655,98.374997,196.064496,144.103520,274.077845,227.984985,342.911058,351.763431,93.382228,174.608509,316.413316,222.577679,14.131049,23.631554,148.962353,0.000000,128.252981,21.310530,328.502674,284.532371,23.671366,339.343368,288.921745,280.352473,236.680848,247.846800,251.745646,134.299871,15.227389,80.398129,40.470861,346.669584,356.889451,241.532552,241.214419,200.617553,67.234319,153.909399,314.388353,151.973113,202.505777,217.060896,93.344085,305.581486,99.270236,76.853345,229.693698,184.842505,77.267179,327.490927,112.864228,259.793801,103.238941,103.484174,124.319387,101.781033,74.651818,201.493411,177.792562,70.339848,133.527710,33.142554,378.330127,149.841082,254.958065,57.284312,178.477878,366.521941,161.274687,47.092589,32.158659,127.365929,145.245988,43.158719,262.250948,303.535262,123.783193,203.969246,169.254348
Hamilton,84.452618,76.427940,174.138049,28.787563,78.002215,17.326336,101.797310,66.500891,192.451587,186.744374,131.047603,195.047160,123.343328,96.970662,125.791468,55.545639,227.664399,53.958125,113.652673,66.723925,168.261202,139.961156,246.068634,239.802928,83.858391,52.379824,218.931838,105.535539,119.709467,147.084349,34.555041,128.252981,0.000000,142.900550,216.024448,170.407602,151.750436,233.535788,184.295385,192.879633,136.714809,162.136962,158.133248,86.211906,113.649116,205.293687,88.880286,255.293553,254.283411,125.898189,133.287510,80.447608,61.357111,104.539143,208.874449,26.055817,92.320820,111.763119,35.144502,191.821680,30.295691,54.483527,153.858035,67.719267,71.959733,237.533697,80.686690,154.935728,95.259006,36.462336,68.832736,32.498654,58.501050,133.173635,83.911203,93.777913,19.101216,101.233865,266.880037,86.180340,175.234397,184.643352,114.798226,259.548204,100.416559,166.225675,106.671030,39.086868,48.727410,168.079590,148.054168,213.549623,54.008094,109.159078,92.692295
Hancock,61.111574,193.757202,271.502773,127.882138,69.831337,131.704426,52.170999,165.818801,293.590207,62.872865,215.579160,310.705075,24.477553,128.838159,41.686070,174.586282,333.442889,106.564599,199.645919,150.152579,280.057679,231.430127,346.045639,358.376732,95.516322,186.392212,319.995583,232.044852,23.394363,31.874156,160.249032,21.310530,142.900550,0.000000,335.447697,292.356910,16.408413,344.524691,294.419312,282.487883,242.150002,250.340996,255.633667,136.638184,34.942503,76.209157,54.103839,348.621912,361.158855,250.326344,248.227590,211.295646,81.622829,154.552049,319.764217,165.296601,210.898112,224.075170,108.805929,313.082929,113.004631,94.276390,230.921894,195.181934,83.811434,329.387022,115.446097,265.799328,102.828257,121.259088,129.188774,114.109479,86.235663,202.455595,184.157783,71.462818,145.946129,53.734272,384.613084,153.184084,256.191591,50.932816,179.801137,371.744430,163.245310,52.372998,37.886195,136.932266,154.102606,43.289637,270.375979,305.770931,131.057475,209.407474,173.250155
Hardeman,276.223853,144.272438,79.022628,214.884700,286.960250,233.302616,283.525814,169.929882,61.071085,391.903250,129.291460,26.041036,311.229867,214.127885,333.482901,165.522413,42.694407,230.129576,140.563266,185.299231,56.794230,112.504741,63.416739,23.780922,241.423942,163.756552,54.642984,110.490750,316.031184,351.115941,184.735222,328.502674,216.024448,335.447697,0.000000,45.627441,349.136122,30.713208,45.973234,86.815413,94.838674,103.280157,89.366210,202.266844,316.682694,408.874754,288.986437,82.808126,52.405100,90.128355,87.314085,135.770497,265.741552,190.479625,29.044520,190.356994,126.803306,111.488354,246.981810,24.333562,236.311349,267.538531,126.719259,148.656449,251.940111,79.983466,221.925965,70.553521,238.228312,252.374645,206.525478,230.648165,255.042447,149.654838,151.291833,265.131939,202.230438,309.994371,50.860349,184.825480,110.294765,384.953774,166.429743,47.448679,178.684635,373.271173,298.379174,201.986870,183.744987,371.596313,68.011209,76.932923,204.827390,126.864970,165.016867
Hardin,232.458788,99.584740,60.503705,169.930852,241.938015,187.680258,240.787184,126.543017,55.524616,347.697577,95.747788,28.660426,268.351446,174.776267,288.777281,120.523408,68.439726,186.310113,103.234041,142.644286,28.241013,80.387017,91.049361,69.399199,199.588565,118.129139,69.281424,64.872175,272.353884,306.877032,139.367070,284.532371,170.407602,292.356910,45.627441,0.000000,305.624664,67.337117,33.472620,78.516064,57.799610,79.518724,62.514553,161.897572,272.352532,364.926349,244.693872,107.411532,90.088344,44.528298,45.063414,90.149264,220.901438,152.701658,46.412485,144.729818,82.110890,68.694844,201.586890,21.454197,191.082116,222.148628,100.245989,103.138108,208.584716,96.584243,180.536690,35.707794,197.684411,206.748528,164.282596,185.652459,210.577545,117.471710,108.844108,222.908688,156.802740,265.091386,96.473603,144.464861,92.002521,341.315316,130.436070,90.912514,140.310971,328.776628,254.947237,157.461950,139.354421,327.510053,22.541994,81.599501,161.329332,86.731712,124.946849
Hawkins,73.263440,206.536870,286.411989,139.066387,75.550589,139.282813,66.987607,179.245361,308.410632,46.579889,230.678344,324.621224,39.865322,144.478478,36.950513,186.834207,348.153935,119.352729,214.492728,164.025417,294.118695,246.353338,361.131975,372.217371,110.537609,197.376170,334.933547,244.441947,33.413520,19.167950,171.511341,23.671366,151.750436,16.408413,349.136122,305.624664,0.000000,358.927019,308.677616,297.826733,256.381605,265.561245,270.435392,151.749051,38.810742,60.712375,63.352484,364.038381,375.890368,263.091005,261.832563,222.989809,90.551428,170.136469,334.082442,175.197108,223.826554,237.657304,116.930545,326.511998,122.520148,100.501821,246.456540,207.056437,97.197682,344.810711,130.422761,279.840218,118.517538,127.057630,143.457326,124.607587,97.085368,218.028156,197.965904,86.602058,156.455821,55.678075,398.601155,168.032019,271.742678,35.906295,195.260833,386.142276,178.512815,36.530282,50.759907,149.132490,166.712023,26.886362,283.486704,321.094905,144.359770,223.617669,187.950443
Haywood,286.978699,158.776488,75.894455,229.018419,300.764623,250.852275,292.354053,181.353075,53.902582,402.989368,131.466506,39.299590,320.085501,219.168852,346.088090,180.420673,17.843057,241.421789,145.566822,195.240504,65.991332,114.695128,33.663851,27.656073,249.274333,182.119466,34.667721,129.302215,326.335121,362.448306,200.673262,339.343368,233.535788,344.524691,30.713208,67.337117,358.927019,0.000000,50.522337,75.417211,102.662908,100.138044,90.171180,208.756017,328.404178,419.314756,300.786256,53.233448,22.981063,109.237711,100.669957,154.794761,279.114126,194.272277,25.062322,208.576030,141.767761,123.922771,262.512562,49.362521,251.190076,282.919994,123.475868,165.853824,262.127666,54.044503,229.411075,80.088708,244.352283,269.986059,215.469858,244.762770,267.501896,149.602654,161.733522,273.301018,218.276096,323.293335,44.036345,191.671258,102.619485,394.832114,169.124072,27.219875,183.415668,385.140014,308.321828,215.128478,196.833418,382.487302,87.448512,58.647556,215.835591,135.388228,171.971706
